0010000110
0110010010
1111100101
1000011010
0110001110
1111001111
0100111000
0000011001
1100010000
0000111100
1101110101
1000000100
0111010100
1010111110
1100010111
0100110010
0110110000
0000010100
0011110101
1011001101
1010101111
0100001101
0101100111
1111011101
0010001101
1001100111
1100100011
1011000111
0011100010
1111000001
0101000011
0100100011
1101010000
1000001010
0110001010
1100000001
0001101101
1111110010
0000110101
0011011101
0100111001
1011110111
0000101001
1010001001
1111100011
0100000101
0010010001
1000100000
1110110000
1000111100
1010111100
1101000010
1001011100
0001000101
1110001000
0100110100
1000010100
1110000011
0101101010
1010110111
0010010111
1001000110
1001011111
1001001000
0010000101
1101110100
1110111010
0000000101
0110010111
1111010010
1011000010
1011010011
0110011010
1111101100
1111011011
1110010000
0110110110
1011000011
1001010010
0011101101
0011100011
0010011110
1101001101
1001001111
0000000010
0011001100
0100001100
0001110000
0001100110
1101001111
1000101111
1000010010
1001101000
1010010111
1010101101
0010101101
0011111011
1100000111
1110010111
0101001100
1010101110
1001000001
1000111010
0010100011
1001100000
1011100001
0110110111
0001110011
0111111100
1010010011
0001011110
1110001010
1011110101
0101101110
1110011111
1100000110
0011111110
0101110101
0101010111
1100111001
0110100010
1100001100
1011010111
0010011000
1010110000
1011101001
0110001011
0011111100
0010000011
1010110100
1111011000
0011000011
1000101110
0011011001
1100001010
1101011001
1000011110
1110111011
0100000010
1101001010
1110101100
0010111101
1010100011
1110000001
1011001111
1011100100
1100011100
1110000111
0010101110
0101011000
1000111101
0000110011
0000110100
0110100110
0011000111
0111000110
0110100101
0011000010
0101010100
1100010010
1011110001
1000101000
1010000010
0101000010
1100100010
0100000111
0111001110
1101110010
0000110111
1010010110
1000110101
1011111110
0100111100
0111110011
1001000000
0100010011
1001000111
0001000010
1010101100
0110000011
1010011000
0111101011
1001101100
1101000110
0001101100
1111100000
0011011111
0000001111
1001010100
1000100101
1111010100
0000110000
0001000111
1011000101
1101011011
0011100100
0110001001
0101000000
0100110111
0011110111
1010111011
0110111110
0100011001
1101000100
1110111100
